ANOVA Components:

Dim: 5
Level: 4

{(0, 1): -5.0402104537283649e-20, (1, 2): -9.3576465807062741e-17, (0,): -0.00023762422343490128, (1,): -0.3090221050221893, (2,): -1.0339887455046495, (3,): -0.1495990938607222, (-1,): 0.0, (4,): -0.19069906601016717, (2, 3): -6.2776782657622057e-17, (0, 4): -4.1213495451690466e-20, (3, 4): -2.5946435448720032e-17}

Dim: 5
Level: 5

{(0, 1): -1.7022491014284841e-17, (1, 2): -1.0501309163155396e-16, (0,): -0.037005904741537608, (1,): -1.3569682933393779, (2,): -0.23708965876354929, (3,): -1.1884987977254224, (-1,): 0.0, (4,): -0.14246953291033035, (2, 3): -8.9836323422401417e-17, (0, 4): -4.7950506663719755e-18, (3, 4): -6.5390772006470348e-17}

Dim: 6
Level: 3

{(0, 1): 0.0, (1, 2): 0.0, (0,): -0.52826840736920055, (1,): -0.25572954416097077, (4, 5): 0.0, (2,): -0.44043666202252107, (3,): -0.52690472155823276, (-1,): 0.0, (4,): -0.71923592384824642, (5,): -1.7673405748353241, (2, 3): 0.0, (0, 5): 0.0, (3, 4): 0.0}

Dim: 6
Level: 4

{(0, 1): -3.6192768150946119e-17, (1, 2): -1.613143617835837e-17, (0,): -0.22602430073840188, (1,): -0.58687449820456405, (4, 5): -2.4008043998298372e-18, (2,): -0.10074102558039059, (3,): -0.95081077554427507, (-1,): 0.0, (4,): -0.16459333143446356, (5,): -0.053459281139016372, (2, 3): -2.3027815143957668e-17, (0, 5): -3.2968537118241735e-18, (3, 4): -3.7623448722749124e-17}





